1 0.485463 -0.0671396
2 0.162783 0.00746929
3 0.515862 -0.105105
4 -1.01547 0.216246
5 -1.84328 0.308717
6 -0.931714 -0.0431585
7 0.187588 -0.186287
8 -0.230517 0.0861806
9 -0.629432 0.0935267
10 0.0719881 -0.111761
11 1.20076 -0.288981
12 1.89275 -0.293041
13 1.38783 -0.101438
14 -1.87193 0.676008
15 -1.56275 0.110061
16 0.0503802 -0.246854
17 0.100491 -0.0174323
18 -0.213482 0.0451151
19 -0.592997 0.116564
20 -0.847933 0.123541
21 -0.636542 0.0325798
22 -0.583196 0.0510686
23 -0.640502 0.0735252
24 -0.449493 0.0316825
25 -0.116007 -0.0373401
26 9.05991e-05 -0.0163417
27 -0.0672507 0.0179217
28 0.0377774 -0.018444
29 0.175295 -0.0268255
30 0.169539 -0.0151067
31 -0.253916 0.0899445
32 -1.55864 0.35292
33 -3.53873 0.652942
34 -5.41282 0.825531
35 -7.12025 0.846067
36 -8.50214 1.06518
37 -9.81268 1.1875
38 -2.70668 -0.785043
39 8.79795 -1.2
40 6.98813 -0.420309
41 2.88196 0.334187
42 0.958118 0.0545482
43 1.4886 -0.222659
44 0.97733 -0.0154628
45 0.0848532 0.130948
46 0.20864 -0.0339117
47 0.577183 -0.107595
48 0.130992 0.0592082
49 -0.311289 0.102912
50 0.0281572 -0.0228444
51 0.364723 -0.0816004
52 0.00596046 0.058574
53 -0.262799 0.072002
54 0.0795364 -0.0539117
55 0.225687 -0.0391442
56 -0.0840187 0.0602216
57 -0.106902 0.019508
58 0.175438 -0.0545446
59 -0.285163 0.103014
60 -0.831275 0.170618
61 -0.294418 -0.00513115
62 0.640793 -0.198798
63 0.43149 -0.00627675
64 -0.0931168 0.0934981
65 0.706582 -0.185259
66 1.56335 -0.279808
67 0.615344 0.0855847
68 -0.32021 0.177337
69 0.220318 -0.0981727
70 0.372877 -0.0553078
71 -0.507426 0.187753
72 -0.719609 0.108898
73 0.114002 -0.131356
74 0.137486 -0.0122124
75 -0.468721 0.142956
76 -0.227604 -0.00820908
77 0.372519 -0.122147
78 0.0870848 0.039213
79 -0.261793 0.0836696
80 0.150356 -0.0717295
81 0.393815 -0.0708506
82 -0.104914 0.0529878
83 -0.386386 0.0860284
84 0.0298262 -0.0602514
85 0.288911 -0.0626485
