1 1.53003 0.311452 0
2 -2.99915 0 0.634354
3 -1.92582 0 0.388234
4 -0.514812 0 0.110741
5 -2.03426 0 0.438914
6 -1.66045 0 0.34688
7 -1.0408 0 0.221533
8 -1.64441 0 0.356131
9 -1.67387 0 0.359482
10 -1.16395 0 0.253417
11 -1.51114 0 0.332936
12 -2.20552 0 0.477489
13 -0.863268 0 0.197111
14 -1.42343 0 0.322878
15 -1.77788 0 0.39349
16 -1.14103 0 0.257348
17 -1.44052 0 0.328049
18 -1.55001 0 0.350601
19 -1.26331 0 0.291109
20 -1.38936 0 0.321837
21 -1.44892 0 0.334531
22 -1.308 0 0.305652
23 -1.36702 0 0.320821
24 -1.39631 0 0.329029
25 -1.32628 0 0.315502
26 -1.32255 0 0.316743
27 -1.37465 0 0.329094
28 -1.31339 0 0.317022
29 -1.32191 0 0.322025
30 -1.32976 0 0.324962
31 -1.29798 0 0.319507
32 -2.99614 0 0.679434
33 -2.95337 0 0.656425
34 -2.95207 0 0.65953
35 -2.97215 0 0.669605
36 -2.9165 0 0.660735
37 -2.36042 0 0.546876
38 -0.00989765 0 0.0588356
39 -0.00398047 0 0.0811023
40 -1.48713 0 0.39411
41 -1.91209 0 0.470433
42 -0.589913 0 0.196316
43 -1.19866 0 0.331962
44 -1.52025 0 0.394928
45 -0.998996 0 0.283249
46 -1.20488 0 0.332903
47 -1.28769 0 0.349521
48 -1.11711 0 0.313988
49 -1.14786 0 0.3233
50 -1.23512 0 0.34335
51 -1.09892 0 0.315411
52 -1.16988 0 0.332845
53 -1.17943 0 0.335319
54 -1.13226 0 0.326451
55 -1.1157 0 0.32456
56 -1.12816 0 0.328471
57 -1.15125 0 0.334347
58 -1.11239 0 0.327068
59 -1.14835 0 0.336157
60 -1.1383 0 0.334824
61 -1.09145 0 0.327504
62 -1.12818 0 0.336578
63 -1.09222 0 0.329753
64 -1.08799 0 0.330313
65 -1.11633 0 0.337422
66 -1.08274 0 0.331167
67 -1.07825 0 0.331639
68 -1.06835 0 0.330673
69 -1.10331 0 0.339216
70 -1.08287 0 0.335657
71 -1.03707 0 0.327282
72 -1.08608 0 0.339117
73 -1.06163 0 0.334554
74 -1.06067 0 0.335657
75 -1.03543 0 0.331402
76 -1.06735 0 0.339426
77 -1.02298 0 0.330811
78 -1.0342 0 0.334645
79 -1.05679 0 0.340333
80 -1.03296 0 0.336136
81 -1.02323 0 0.335355
82 -1.00141 0 0.332983
83 -1.02144 0 0.338319
84 -1.00066 0 0.334756
85 -0.092641 0 0.144372
